Clanice otvorenog jata Hijade za koje je verovatnoca pripadnosti veca od 50%

alfa[h], alfa[m], alfa[s], delta[s], delta[m], delta[s], mV, B-V, mua[mas], mud[mas]
==========================================================================================
4 	 8 	 53.34 	 17 	 16 	 22.40 	 15.37 	 1.86 	 127 	 -13
4 	 9 	 14.46 	 17 	 29 	 56.50 	 14.76 	 1.64 	 128 	 -35
4 	 10 	 18.67 	 16 	 38 	 27.20 	 9.35 	 0.94 	 156 	 -20
4 	 10 	 19.73 	 14 	 36 	 55.40 	 11.73 	 0.84 	 128 	 -15
4 	 11 	 1.74 	 15 	 14 	 22.40 	 15.27 	 0.90 	 117 	 -10
4 	 11 	 35.84 	 14 	 30 	 30.30 	 7.30 	 0.98 	 127 	 -13
4 	 11 	 39.87 	 12 	 18 	 37.10 	 8.06 	 0.64 	 144 	 -6
4 	 12 	 3.86 	 12 	 55 	 50.20 	 10.73 	 1.16 	 134 	 -20
4 	 12 	 20.85 	 14 	 16 	 27.90 	 11.56 	 1.38 	 114 	 -14
4 	 12 	 42.61 	 15 	 34 	 57.50 	 11.33 	 1.28 	 128 	 -8
4 	 12 	 42.61 	 16 	 38 	 19.80 	 15.32 	 1.38 	 108 	 -13
4 	 13 	 8.93 	 16 	 51 	 36.60 	 14.92 	 1.43 	 115 	 -36
4 	 13 	 35.99 	 14 	 2 	 55.50 	 15.13 	 1.25 	 143 	 -12
4 	 13 	 50.96 	 16 	 41 	 59.90 	 15.79 	 1.51 	 100 	 -19
4 	 14 	 2.62 	 16 	 14 	 5.60 	 14.45 	 1.57 	 116 	 -25
4 	 14 	 52.27 	 12 	 17 	 36.30 	 15.34 	 1.88 	 137 	 -12
4 	 14 	 58.86 	 13 	 32 	 25.60 	 12.98 	 1.69 	 121 	 -8
4 	 15 	 1.03 	 15 	 6 	 21.80 	 15.11 	 1.57 	 120 	 -5
4 	 15 	 2.89 	 16 	 25 	 25.00 	 13.95 	 1.58 	 131 	 -32
4 	 15 	 5.81 	 14 	 25 	 30.70 	 14.89 	 1.64 	 104 	 -18
4 	 15 	 20.09 	 13 	 12 	 37.20 	 14.60 	 1.54 	 136 	 -10
4 	 15 	 27.67 	 15 	 58 	 4.00 	 9.60 	 0.99 	 124 	 -11
4 	 15 	 28.83 	 17 	 18 	 4.90 	 10.01 	 1.11 	 128 	 -32
4 	 15 	 54.71 	 12 	 23 	 25.20 	 15.53 	 1.59 	 130 	 -16
4 	 15 	 58.49 	 13 	 14 	 46.10 	 11.98 	 1.42 	 128 	 -14
4 	 16 	 14.74 	 17 	 24 	 18.80 	 8.46 	 0.72 	 116 	 -35
4 	 16 	 30.56 	 14 	 11 	 48.80 	 12.84 	 1.43 	 128 	 -15
4 	 18 	 3.59 	 13 	 44 	 47.20 	 6.17 	 0.46 	 141 	 -8
4 	 18 	 5.80 	 14 	 44 	 30.70 	 16.43 	 1.65 	 111 	 -25
4 	 18 	 32.68 	 11 	 55 	 35.60 	 15.74 	 1.82 	 127 	 -19
4 	 18 	 45.03 	 14 	 17 	 33.70 	 6.61 	 0.41 	 149 	 -22
4 	 18 	 45.03 	 14 	 34 	 41.40 	 15.64 	 0.96 	 96 	 -24
4 	 19 	 52.12 	 16 	 40 	 31.60 	 7.86 	 0.68 	 154 	 -31
4 	 19 	 53.63 	 14 	 56 	 24.90 	 6.99 	 0.56 	 138 	 -20
4 	 20 	 10.78 	 15 	 6 	 46.30 	 17.43 	 1.42 	 109 	 -30
4 	 20 	 11.39 	 13 	 12 	 2.30 	 13.88 	 1.26 	 111 	 -16
4 	 20 	 21.15 	 15 	 35 	 51.70 	 15.48 	 1.66 	 129 	 -15
4 	 20 	 24.09 	 16 	 53 	 46.60 	 15.90 	 1.48 	 103 	 -17
4 	 20 	 32.49 	 16 	 39 	 44.70 	 5.63 	 0.67 	 152 	 -24
4 	 20 	 33.87 	 15 	 38 	 53.60 	 10.49 	 1.24 	 129 	 -26
4 	 20 	 34.00 	 14 	 18 	 46.50 	 14.52 	 1.90 	 112 	 -21
4 	 20 	 42.22 	 14 	 33 	 19.90 	 9.11 	 0.87 	 123 	 -7
4 	 20 	 51.42 	 15 	 45 	 58.80 	 14.83 	 1.39 	 117 	 -29
4 	 20 	 59.88 	 14 	 48 	 25.50 	 13.42 	 1.31 	 138 	 -28
4 	 21 	 3.59 	 16 	 14 	 23.40 	 14.29 	 -0.02 	 122 	 -27
4 	 21 	 4.99 	 13 	 56 	 15.10 	 10.90 	 1.30 	 122 	 -8
4 	 21 	 20.74 	 16 	 15 	 53.80 	 7.15 	 0.22 	 115 	 -23
4 	 21 	 22.22 	 14 	 38 	 38.70 	 7.62 	 0.60 	 141 	 -12
4 	 21 	 22.94 	 17 	 53 	 20.60 	 9.99 	 1.06 	 106 	 -29
4 	 21 	 29.38 	 16 	 57 	 54.40 	 6.97 	 0.44 	 119 	 -19
4 	 21 	 36.75 	 15 	 46 	 14.10 	 14.93 	 1.58 	 104 	 -33
4 	 21 	 42.22 	 13 	 48 	 53.00 	 16.80 	 1.81 	 109 	 -18
4 	 21 	 56.53 	 15 	 45 	 40.70 	 11.64 	 1.41 	 103 	 -15
4 	 22 	 20.39 	 17 	 9 	 19.10 	 13.52 	 1.04 	 116 	 -20
4 	 22 	 45.66 	 15 	 49 	 42.60 	 6.59 	 0.50 	 143 	 -15
4 	 22 	 53.49 	 17 	 25 	 56.60 	 15.32 	 1.49 	 130 	 -34
4 	 22 	 59.88 	 14 	 53 	 24.70 	 14.96 	 1.97 	 111 	 -18
4 	 23 	 2.80 	 13 	 23 	 25.10 	 14.73 	 1.89 	 131 	 -28
4 	 23 	 11.29 	 17 	 0 	 32.00 	 15.11 	 1.52 	 105 	 -37
4 	 23 	 14.69 	 15 	 24 	 44.30 	 7.49 	 0.54 	 142 	 -24
4 	 23 	 31.88 	 16 	 44 	 30.00 	 8.06 	 0.63 	 128 	 -14
4 	 23 	 47.52 	 16 	 38 	 8.10 	 8.12 	 0.66 	 118 	 -24
4 	 23 	 54.86 	 12 	 34 	 30.50 	 10.51 	 1.34 	 134 	 -22
4 	 24 	 5.93 	 13 	 1 	 36.90 	 10.32 	 1.50 	 117 	 -28
4 	 24 	 23.40 	 17 	 7 	 53.20 	 13.05 	 1.53 	 115 	 -27
4 	 24 	 34.50 	 14 	 0 	 28.60 	 15.11 	 1.92 	 110 	 -19
4 	 24 	 34.88 	 17 	 41 	 0.80 	 14.87 	 1.41 	 110 	 -20
4 	 24 	 35.62 	 14 	 9 	 0.20 	 10.50 	 1.11 	 119 	 -17
4 	 24 	 57.14 	 14 	 18 	 27.30 	 9.52 	 0.93 	 112 	 -25
4 	 25 	 15.14 	 13 	 45 	 29.10 	 9.03 	 0.84 	 131 	 -28
4 	 25 	 18.52 	 16 	 21 	 41.10 	 11.13 	 1.37 	 118 	 -37
4 	 25 	 33.09 	 14 	 37 	 53.10 	 5.90 	 0.84 	 143 	 -21
4 	 25 	 33.18 	 13 	 42 	 47.40 	 15.79 	 2.01 	 124 	 -30
4 	 25 	 35.00 	 17 	 35 	 12.00 	 12.20 	 1.47 	 109 	 -31
4 	 25 	 46.48 	 16 	 51 	 39.50 	 13.96 	 0.01 	 113 	 -27
4 	 25 	 58.72 	 16 	 10 	 48.30 	 10.71 	 1.36 	 107 	 -23
4 	 26 	 0.66 	 15 	 52 	 21.80 	 11.96 	 1.44 	 114 	 -27
4 	 26 	 7.78 	 16 	 3 	 1.10 	 6.59 	 0.53 	 145 	 -20
4 	 26 	 7.99 	 16 	 14 	 15.70 	 14.31 	 1.51 	 104 	 -32
4 	 26 	 21.40 	 15 	 9 	 55.00 	 12.44 	 1.47 	 112 	 -38
4 	 26 	 28.66 	 12 	 15 	 5.80 	 14.65 	 1.64 	 114 	 -9
4 	 26 	 38.91 	 16 	 8 	 11.70 	 10.32 	 1.17 	 108 	 -19
4 	 27 	 2.80 	 16 	 48 	 22.80 	 12.89 	 1.43 	 110 	 -26
4 	 27 	 5.11 	 16 	 33 	 55.00 	 9.10 	 0.85 	 124 	 -34
4 	 27 	 30.42 	 17 	 23 	 33.20 	 14.44 	 1.33 	 103 	 -19
4 	 27 	 43.39 	 15 	 37 	 37.00 	 8.93 	 0.84 	 112 	 -14
4 	 28 	 9.75 	 12 	 11 	 49.40 	 13.98 	 1.50 	 127 	 -19
4 	 28 	 18.71 	 16 	 17 	 22.40 	 14.66 	 1.57 	 119 	 -18
4 	 28 	 30.28 	 16 	 30 	 42.00 	 16.27 	 1.66 	 104 	 -38
4 	 28 	 35.17 	 17 	 36 	 46.10 	 12.43 	 1.22 	 109 	 -33
4 	 28 	 39.97 	 13 	 47 	 50.70 	 7.78 	 0.54 	 126 	 -23
4 	 28 	 43.21 	 17 	 36 	 14.70 	 10.52 	 0.99 	 121 	 -16
4 	 29 	 1.18 	 15 	 23 	 38.20 	 11.04 	 1.31 	 125 	 -25
4 	 29 	 14.15 	 17 	 33 	 33.70 	 14.77 	 1.47 	 98 	 -28
4 	 29 	 29.78 	 17 	 38 	 45.20 	 13.95 	 0.33 	 116 	 -37
4 	 29 	 34.95 	 17 	 47 	 59.30 	 14.80 	 1.55 	 86 	 -28
4 	 29 	 37.15 	 13 	 0 	 29.60 	 11.02 	 1.22 	 114 	 -30
4 	 29 	 58.14 	 11 	 57 	 42.70 	 14.45 	 1.91 	 99 	 -19
4 	 29 	 58.19 	 15 	 54 	 5.40 	 8.94 	 0.88 	 134 	 -19
4 	 30 	 7.79 	 15 	 42 	 52.90 	 8.66 	 0.74 	 128 	 -19
4 	 30 	 38.56 	 12 	 56 	 29.80 	 13.62 	 1.31 	 116 	 -25
4 	 30 	 56.88 	 12 	 36 	 27.60 	 14.18 	 -0.03 	 109 	 -16
4 	 30 	 57.95 	 13 	 8 	 54.40 	 6.62 	 0.43 	 139 	 -28
4 	 31 	 7.62 	 15 	 3 	 37.10 	 8.51 	 0.84 	 128 	 -22
4 	 31 	 15.57 	 14 	 6 	 51.90 	 12.83 	 1.65 	 103 	 -30
4 	 31 	 40.51 	 15 	 43 	 30.10 	 9.69 	 0.91 	 113 	 -24
4 	 31 	 43.96 	 15 	 24 	 8.00 	 7.94 	 0.63 	 142 	 -35
4 	 32 	 16.97 	 13 	 4 	 17.70 	 14.67 	 1.94 	 96 	 -21
4 	 32 	 37.22 	 15 	 17 	 51.90 	 14.61 	 2.54 	 92 	 -21
4 	 32 	 40.94 	 14 	 6 	 38.20 	 14.55 	 1.12 	 107 	 -23
4 	 32 	 59.78 	 13 	 11 	 12.50 	 13.92 	 2.58 	 115 	 -24
