 13 30 23.52 -78 51 20.5 
 12 05 49.88 -69 34 23.0 
 11 31 10.93 -65 44 32.1 
 11 31 10.93 -65 44 32.1 
 13 06 32.35 -65 04 49.5 
 11 28 30.40 -64 53 13.9 
 14 07 30.64 -64 28 08.8 
 13 06 03.17 -64 14 35.6 
 13 45 51.05 -63 57 28.7 
 13 04 35.28 -63 57 40.5 
 10 31 50.59 -63 56 25.7 
 10 56 30.40 -63 50 34.0 
 11 30 24.31 -63 49 02.0 
 13 36 59.50 -63 38 45.7 
 11 32 53.34 -63 38 48.4 
 13 13 45.52 -63 35 11.8 
 13 14 44.39 -63 34 51.8 
 13 27 32.49 -63 32 21.8 
 11 39 45.84 -63 28 40.1 
 11 39 49.96 -63 28 43.6 
 11 39 03.28 -63 25 47.1 
 11 38 12.16 -63 23 26.8 
 11 38 20.36 -63 22 21.9 
 11 36 56.18 -63 23 52.5 
 13 34 43.41 -63 20 07.6 
 11 37 48.43 -63 19 23.5 
 11 37 58.45 -63 18 59.4 
 11 38 22.77 -63 12 02.8 
 11 38 09.92 -63 11 48.6 
 10 56 42.20 -63 01 16.7 
 12 14 12.00 -62 57 00.0 
 17 21 18.73 -62 55 05.4 
 11 42 56.39 -62 48 24.5 
 13 52 56.41 -62 43 14.3 
 11 28 54.18 -62 39 09.8 
 12 02 58.46 -62 40 19.2 
 13 16 04.80 -62 35 01.5 
 12 09 44.58 -62 34 54.6 
 11 40 37.00 -62 34 05.2 
 11 40 37.00 -62 34 05.2 
 13 16 25.86 -62 33 31.8 
 13 18 35.36 -62 29 28.4 
 12 30 15.70 -62 28 52.0 
 13 19 03.98 -62 34 10.1 
 11 03 17.08 -62 27 35.6 
 12 39 37.66 -62 26 01.1 
 11 03 14.97 -62 24 03.5 
 11 00 50.45 -62 24 34.3 
 13 34 11.98 -62 25 01.8 
 14 03 12.99 -62 15 38.6 
 11 00 39.04 -62 14 22.9 
 11 16 33.87 -62 06 55.8 
 11 16 04.71 -62 06 08.6 
 11 01 52.95 -62 03 15.4 
 11 07 13.63 -62 02 58.5 
 11 07 36.00 -61 59 00.0 
 11 02 12.00 -61 49 00.0 
 13 06 49.00 -61 47 00.0 
 11 01 39.45 -61 45 42.3 
 12 23 19.56 -61 43 40.0 
 10 56 35.79 -61 42 32.2 
 14 15 01.61 -61 42 24.4 
 12 50 22.63 -61 35 00.9 
 12 50 22.63 -61 35 00.9 
 11 06 18.00 -61 31 00.0 
 11 46 54.41 -61 27 47.0 
 11 03 15.89 -61 27 15.1 
 11 05 26.38 -61 26 04.2 
 11 23 58.27 -61 21 16.8 
 12 15 50.21 -61 19 53.9 
 10 39 40.66 -61 17 31.3 
 11 09 38.84 -61 16 57.4 
 11 11 06.16 -61 07 04.6 
 11 12 04.51 -61 05 42.9 
 14 20 09.04 -61 04 54.6 
 10 51 14.65 -61 03 10.0 
 11 04 55.50 -61 03 05.8 
 10 09 47.72 -60 59 49.2 
 11 11 19.06 -60 55 12.2 
 15 16 56.90 -60 57 26.1 
 10 39 45.65 -60 54 39.6 
 14 20 22.78 -60 53 22.2 
 10 33 01.14 -60 50 41.8 
 13 15 53.42 -60 49 34.4 
 13 32 08.60 -60 48 55.4 
 11 08 51.77 -60 45 33.9 
 11 10 52.29 -60 44 30.1 
 11 11 49.58 -60 41 58.2 
 12 42 12.70 -60 39 08.6 
 11 01 42.00 -60 36 00.0 
 12 14 07.64 -60 36 08.4 
 13 00 05.64 -60 35 37.2 
 10 46 28.45 -60 33 50.8 
 12 16 11.03 -60 31 51.7 
 12 35 51.40 -60 31 29.2 
 15 18 49.14 -60 29 46.8 
 14 07 25.64 -60 28 14.1 
 14 07 25.64 -60 28 14.1 
 14 34 54.43 -60 25 39.7 
 12 16 42.96 -60 24 15.5 
 11 17 12.00 -60 23 00.0 
 10 26 03.68 -60 22 41.4 
 11 10 42.04 -60 23 04.3 
 11 09 21.30 -60 18 50.4 
 10 33 05.30 -60 19 43.0 
 12 14 47.58 -60 19 12.7 
 10 24 48.02 -60 13 03.4 
 10 48 15.52 -60 15 56.7 
 10 48 37.78 -60 13 25.5 
 11 10 05.99 -60 14 56.9 
 10 43 15.34 -60 12 04.2 
 10 59 12.00 -60 11 00.0 
 10 35 54.30 -60 09 10.0 
 10 33 30.30 -60 07 40.0 
 10 43 17.96 -60 08 03.2 
 10 47 12.49 -60 05 49.8 
 10 44 00.00 -60 05 12.0 
 10 44 36.24 -60 05 29.0 
 11 00 30.00 -60 01 00.0 
 11 00 30.00 -60 00 00.0 
 11 00 30.00 -60 00 00.0 
 11 07 32.81 -59 57 48.7 
 10 44 29.42 -59 57 18.3 
 10 44 00.35 -59 52 27.9 
 10 46 33.07 -60 04 12.6 
 11 07 13.93 -59 52 23.2 
 13 23 56.26 -59 48 34.8 
 10 30 20.86 -59 49 21.4 
 10 44 41.78 -59 46 56.8 
 10 44 22.91 -59 59 36.0 
 10 22 20.88 -59 45 19.7 
 10 44 32.39 -59 44 31.2 
 10 44 33.70 -59 44 15.0 
 11 07 04.62 -59 47 29.8 
 10 46 05.70 -59 50 49.3 
 10 44 50.48 -59 55 44.7 
 10 44 47.51 -59 57 58.9 
 10 46 22.54 -59 53 20.7 
 10 43 57.10 -60 05 27.0 
 10 44 11.04 -60 03 21.6 
 10 44 47.39 -59 43 54.0 
 14 06 25.16 -59 42 57.3 
 10 45 05.85 -59 40 06.4 
 11 06 59.78 -59 40 04.3 
 10 43 54.44 -59 32 58.2 
 10 44 00.00 -59 34 00.0 
 10 44 00.00 -59 34 00.0 
 10 44 07.27 -59 34 30.8 
 10 44 08.90 -59 34 34.9 
 10 43 46.69 -59 32 54.9 
 10 43 59.96 -59 32 26.2 
 10 44 45.03 -59 33 54.7 
 10 34 08.70 -59 28 56.0 
 11 26 31.26 -59 25 12.4 
 11 03 40.56 -59 25 59.1 
 11 15 11.78 -59 24 58.3 
 10 59 12.00 -59 25 00.0 
 11 26 36.91 -59 26 13.6 
 10 45 44.12 -59 24 28.1 
 10 44 43.80 -59 21 24.2 
 15 15 22.41 -59 04 17.4 
 10 27 59.94 -58 57 50.9 
 11 14 31.90 -59 01 28.8 
 10 51 52.75 -58 58 35.3 
 10 25 47.02 -58 55 56.5 
 10 45 06.79 -59 41 57.1 
 10 45 05.90 -59 43 08.3 
 10 45 12.77 -59 44 46.9 
 10 45 05.86 -59 45 19.7 
 10 44 56.39 -59 33 03.8 
 10 43 48.82 -59 33 24.8 
 10 44 36.77 -59 47 30.6 
 10 44 30.47 -59 37 27.0 
 10 45 16.58 -59 43 37.6 
 10 45 12.94 -59 44 19.9 
 10 46 35.69 -59 37 00.6 
 10 45 17.57 -59 23 37.4 
 10 54 34.65 -58 48 01.0 
 10 05 20.55 -58 44 20.7 
 10 52 23.20 -58 44 48.4 
 10 54 56.20 -58 43 17.0 
 10 18 10.50 -58 39 37.0 
 12 08 51.54 -58 40 13.3 
 10 46 10.90 -58 39 09.0 
 10 37 22.71 -58 37 23.1 
 10 41 04.08 -58 34 13.2 
 13 51 33.98 -58 32 22.3 
 10 04 40.53 -58 31 58.5 
 12 17 37.12 -58 09 52.4 
 10 34 46.63 -58 09 22.0 
 10 33 12.26 -58 10 13.7 
 10 07 12.21 -58 00 54.3 
 10 50 01.50 -57 52 26.3 
 10 23 44.45 -57 38 31.6 
 10 39 36.87 -57 27 40.6 
 10 06 40.30 -57 25 33.0 
 11 08 42.62 -57 03 56.9 
 10 42 01.25 -57 00 32.5 
 12 55 57.13 -56 50 08.9 
 14 49 33.76 -56 25 38.5 
 10 59 05.21 -54 53 15.2 
 15 55 39.60 -54 38 36.6 
 15 58 14.72 -54 20 30.6 
 16 01 43.73 -54 08 41.5 
 11 07 21.77 -53 46 54.6 
 16 53 28.56 -52 37 51.3 
 09 23 16.50 -52 26 20.0 
 16 23 56.53 -52 17 52.3 
 16 25 32.62 -52 01 29.1 
 16 18 10.77 -51 56 29.3 
 09 30 37.25 -51 39 34.7 
 14 18 11.94 -51 30 13.9 
 09 30 54.26 -51 25 16.0 
 10 15 40.08 -51 15 24.1 
 08 57 28.85 -50 44 58.2 
 16 12 00.31 -50 18 20.5 
 17 03 34.27 -50 02 45.3 
 16 09 31.30 -49 56 50.4 
 16 19 29.52 -49 45 40.7 
 16 09 16.19 -49 36 21.7 
 09 22 44.75 -49 30 19.9 
 08 15 18.97 -49 13 20.7 
 16 10 22.19 -48 58 02.0 
 16 10 29.16 -49 02 47.2 
 16 41 19.45 -48 45 47.6 
 16 41 20.41 -48 45 46.6 
 09 02 21.56 -48 41 54.4 
 15 47 54.91 -48 37 48.5 
 16 33 52.39 -48 06 40.5 
 09 05 51.33 -47 46 06.8 
 08 57 54.62 -47 44 15.7 
 08 55 07.15 -47 36 27.2 
 16 41 43.29 -47 33 11.2 
 08 55 00.45 -47 24 57.5 
 16 48 50.91 -47 10 03.4 
 16 46 38.88 -47 05 24.8 
 16 50 26.94 -47 09 21.3 
 16 37 10.51 -47 07 49.9 
 16 46 33.39 -47 04 51.0 
 17 09 53.09 -47 01 53.2 
 16 10 38.84 -46 58 52.7 
 08 50 33.46 -46 31 45.1 
 16 44 07.21 -46 08 29.9 
 08 53 22.01 -46 02 08.8 
 17 15 50.15 -45 54 38.8 
 16 46 56.12 -45 53 14.3 
 16 43 42.28 -45 27 45.3 
 16 53 51.00 -45 18 19.0 
 16 54 42.20 -45 15 22.0 
 08 40 47.79 -45 03 30.2 
 16 55 06.45 -44 59 21.4 
 08 50 02.28 -44 34 39.9 
 16 29 19.16 -44 28 14.2 
 08 16 02.74 -44 19 21.7 
 08 24 55.79 -44 18 03.0 
 08 47 01.59 -44 04 28.8 
 16 34 05.02 -44 02 43.1 
 08 50 52.05 -43 50 22.9 
 17 18 45.81 -42 53 29.9 
 16 36 22.56 -42 51 31.9 
 17 16 10.39 -42 47 34.5 
 17 16 26.34 -42 40 04.1 
 08 54 00.61 -42 29 08.8 
 17 06 37.45 -42 20 49.0 
 17 06 37.45 -42 20 49.0 
 16 54 13.80 -41 50 06.0 
 16 54 19.50 -41 50 15.0 
 16 53 28.62 -42 07 17.1 
 08 50 21.02 -42 05 23.2 
 17 17 59.70 -42 03 38.2 
 16 55 03.33 -42 05 27.0 
 16 49 48.25 -42 00 06.2 
 16 44 08.72 -41 57 07.0 
 16 54 11.64 -41 50 57.2 
 16 53 55.56 -41 52 51.3 
 16 54 31.99 -41 48 18.8 
 16 54 13.80 -41 50 06.0 
 16 54 13.21 -41 50 32.6 
 16 52 47.37 -41 47 09.0 
 16 54 26.09 -41 49 54.8 
 16 54 10.06 -41 49 30.1 
 16 54 03.51 -41 47 29.4 
 16 50 44.39 -41 44 49.7 
 16 53 59.99 -41 42 52.8 
 16 54 11.52 -41 38 31.0 
 16 50 01.44 -41 37 16.5 
 16 46 34.20 -41 36 38.5 
 16 53 51.35 -41 32 41.3 
 16 54 35.79 -41 25 22.9 
 16 51 33.72 -41 13 49.9 
 16 54 58.51 -41 09 03.1 
 16 54 05.30 -41 04 46.1 
 16 55 55.23 -40 46 46.9 
 16 56 15.03 -40 39 35.8 
 16 54 00.48 -40 31 58.2 
 16 56 54.67 -40 30 44.4 
 16 54 55.37 -40 31 29.4 
 16 56 17.11 -40 29 44.5 
 08 39 09.53 -40 25 09.3 
 16 56 05.22 -40 20 57.6 
 16 58 55.40 -40 14 33.3 
 08 03 35.05 -40 00 11.3 
 08 12 00.73 -39 08 41.7 
 17 12 20.60 -38 29 26.0 
 17 18 08.75 -38 26 04.0 
 17 15 22.32 -38 12 46.7 
 17 01 13.01 -38 12 11.9 
 16 30 23.31 -37 58 21.2 
 17 22 02.83 -37 54 19.1 
 17 03 56.77 -37 50 38.9 
 16 42 47.64 -37 51 58.3 
 17 18 39.10 -37 20 16.7 
 08 11 01.68 -37 17 32.5 
 08 14 03.80 -36 57 07.9 
 08 47 25.14 -36 45 02.7 
 07 45 55.14 -36 29 53.3 
 08 19 03.90 -36 08 44.9 
 08 19 03.90 -36 08 44.9 
 08 18 54.46 -36 07 52.0 
 17 19 46.15 -36 05 52.2 
 17 20 52.66 -36 04 20.5 
 17 59 28.37 -36 01 15.6 
 17 20 50.61 -35 51 46.0 
 08 16 32.00 -35 38 54.0 
 08 16 24.75 -35 44 21.5 
 08 15 17.15 -35 44 14.6 
 17 19 30.42 -35 42 36.1 
 08 15 48.57 -35 37 52.9 
 08 15 48.57 -35 37 52.9 
 17 17 20.92 -35 32 55.2 
 17 17 27.01 -35 32 12.0 
 17 06 28.37 -35 27 03.8 
 17 08 13.98 -35 00 15.7 
 08 13 35.36 -34 28 43.9 
 17 24 42.90 -34 11 48.0 
 17 15 50.75 -33 44 13.2 
 17 39 28.40 -33 37 53.6 
 17 15 19.25 -33 32 54.3 
 17 49 02.43 -32 53 23.2 
 17 34 42.49 -32 34 54.0 
 07 39 49.34 -32 34 42.1 
 17 56 16.08 -32 28 30.0 
 05 45 59.89 -32 18 23.2 
 07 41 39.98 -33 49 54.1 
 17 29 12.93 -31 32 03.4 
 17 49 16.55 -31 15 18.1 
 07 56 26.41 -29 25 26.1 
 07 43 28.98 -29 19 12.5 
 17 45 43.70 -29 13 18.2 
 17 18 15.16 -29 06 31.1 
 17 38 03.50 -29 06 37.0 
 07 59 22.16 -28 54 23.8 
 07 58 51.83 -28 45 04.2 
 05 55 28.12 -28 38 17.7 
 07 55 52.85 -28 37 46.8 
 18 00 19.95 -28 37 14.6 
 07 55 52.85 -28 37 46.8 
 07 55 57.13 -28 32 18.0 
 07 33 01.84 -28 19 32.9 
 07 33 34.32 -27 58 38.3 
 17 17 27.60 -27 46 00.8 
 08 04 08.54 -27 29 08.8 
 07 53 01.70 -27 06 51.0 
 18 23 25.56 -26 57 10.9 
 07 46 36.20 -26 41 40.0 
 07 58 30.66 -26 34 08.2 
 07 52 55.40 -26 28 42.7 
 07 45 49.03 -26 29 31.4 
 07 52 50.50 -26 28 15.0 
 07 52 20.28 -26 25 46.7 
 07 53 38.20 -26 14 02.6 
 07 18 24.00 -25 00 00.0 
 07 18 42.49 -24 57 15.8 
 17 54 54.04 -24 53 13.5 
 07 18 40.38 -24 33 31.3 
 18 05 10.55 -24 23 54.9 
 18 03 52.44 -24 21 38.6 
 17 42 30.48 -24 17 27.2 
 18 03 56.87 -24 18 45.2 
 18 06 04.68 -24 11 43.9 
 18 09 17.70 -23 59 18.2 
 18 05 29.37 -23 42 55.9 
 05 32 05.12 -23 25 47.0 
 18 02 23.55 -23 01 51.0 
 18 13 25.26 -22 43 03.3 
 14 32 21.49 -22 39 25.6 
 17 58 57.26 -22 31 03.2 
 17 59 26.31 -22 28 00.9 
 07 19 30.10 -22 00 17.3 
 22 11 38.60 +52 25 47.9 
 07 25 12.28 -21 01 26.3 
 18 15 12.91 -20 43 41.8 
 18 11 57.10 -20 25 24.1 
 18 58 10.77 -20 25 25.5 
 18 11 57.10 -20 25 24.1 
 18 15 12.97 -20 23 16.7 
 18 14 03.22 -20 18 07.4 
 07 32 02.81 -19 26 07.7 
 18 57 35.71 -19 09 11.3 
 07 30 01.28 -19 08 34.7 
 07 30 35.28 -19 06 22.2 
 07 30 35.28 -19 06 22.2 
 18 01 52.28 -19 06 22.1 
 18 16 58.56 -18 58 05.2 
 07 35 13.95 -18 47 57.2 
 07 09 55.20 -18 30 07.8 
 07 09 55.20 -18 30 07.8 
 18 17 28.56 -18 27 48.4 
 17 41 51.58 -17 53 48.5 
 07 31 46.74 -16 59 48.0 
 18 16 49.66 -16 31 04.3 
 18 21 02.24 -16 01 00.8 
 07 27 55.38 -15 23 07.3 
 18 20 19.36 -15 03 55.8 
 18 11 58.10 -14 56 09.0 
 18 20 15.29 -14 50 48.8 
 18 26 48.68 -14 29 59.8 
 18 22 44.71 -14 21 48.6 
 18 36 12.64 -14 06 55.8 
 18 20 34.10 -13 57 15.8 
 07 38 16.12 -13 51 01.2 
 18 18 36.43 -13 48 02.0 
 18 18 40.09 -13 45 18.0 
 18 18 52.68 -13 49 42.6 
 18 18 36.06 -13 47 36.5 
 18 18 29.96 -13 49 57.6 
 18 18 32.22 -13 48 48.1 
 18 18 45.86 -13 46 30.9 
 18 18 56.19 -13 48 31.1 
 18 18 32.72 -13 45 11.9 
 18 26 40.52 -13 39 06.8 
 18 31 31.90 -13 33 44.2 
 18 20 03.84 -13 03 20.0 
 18 30 01.23 -12 56 55.0 
 18 15 13.26 -12 32 12.3 
 07 06 35.97 -12 23 38.2 
 18 17 24.55 -12 18 27.2 
 18 33 53.11 -12 15 46.4 
 18 33 53.11 -12 15 46.4 
 18 18 03.10 -12 14 29.0 
 18 18 05.90 -12 14 33.3 
 18 17 57.23 -12 16 22.6 
 18 20 17.18 -12 10 19.2 
 18 20 17.18 -12 10 19.2 
 18 24 46.43 -12 04 26.0 
 18 18 40.87 -12 06 23.4 
 18 19 02.97 -12 06 36.1 
 18 18 20.29 -11 57 33.6 
 18 23 30.13 -11 55 44.8 
 07 10 08.15 -11 48 09.8 
 18 18 03.35 -11 17 38.8 
 18 33 47.29 -11 11 32.6 
 17 26 17.33 -10 59 34.8 
 18 12 24.66 -10 43 53.1 
 16 37 09.54 -10 34 01.5 
 07 09 20.25 -10 20 47.6 
 07 14 28.25 -10 18 58.5 
 18 25 43.15 -09 45 11.0 
 18 43 29.71 -09 19 12.6 
 18 47 24.18 -09 18 29.5 
 07 22 02.05 -08 58 45.8 
 18 29 14.33 -08 33 40.9 
 18 34 25.50 -08 05 54.9 
 18 39 03.78 -07 51 35.4 
 18 39 39.66 -07 21 15.3 
 06 45 48.70 -07 18 39.0 
 18 24 20.65 -10 48 34.3 
 18 47 34.69 -06 18 27.2 
 18 32 35.52 -06 13 30.2 
 05 35 25.98 -05 54 35.6 
 07 00 21.08 -05 49 36.0 
 18 48 30.41 -05 31 11.4 
 05 35 22.90 -05 24 57.8 
 05 35 16.45 -05 23 22.9 
 05 35 17.20 -05 23 15.7 
 18 35 32.54 -04 47 55.4 
 06 59 30.23 -04 48 44.0 
 06 59 30.23 -04 48 44.0 
 07 01 27.05 -03 07 03.3 
 05 38 44.77 -02 36 00.2 
 18 45 31.80 -02 01 07.0 
 05 40 45.50 -01 56 33.0 
 05 40 45.53 -01 56 33.5 
 18 53 34.91 -00 33 37.0 
 05 34 33.72 -00 23 11.5 
 05 32 00.40 -00 17 56.7 
 06 40 21.98 -00 21 26.0 
 06 50 17.62 +00 26 47.6 
 06 44 53.82 +00 37 12.6 
 06 51 58.45 +01 22 34.2 
 06 38 38.19 +01 36 48.7 
 06 42 40.55 +01 42 58.2 
 20 53 14.26 +02 26 59.9 
 06 34 23.57 +02 32 02.9 
 06 33 50.96 +04 31 31.6 
 06 32 09.31 +04 49 24.7 
 06 31 20.88 +04 50 03.3 
 06 31 55.52 +04 56 34.3 
 06 32 10.47 +04 57 59.8 
 06 31 52.53 +05 01 59.2 
 06 36 25.89 +06 04 59.5 
 06 37 24.04 +06 08 07.4 
 06 41 59.23 +06 20 43.5 
 18 55 23.13 +09 20 48.1 
 05 35 08.20 +09 56 05.0 
 06 40 58.66 +09 53 44.7 
 06 14 53.00 +12 21 22.0 
 06 10 01.40 +13 07 16.8 
 06 10 42.00 +13 10 00.0 
 06 51 33.93 +13 37 02.1 
 05 54 44.73 +13 51 17.1 
 06 15 52.90 +14 16 05.0 
 06 27 15.78 +14 53 21.2 
 06 08 55.82 +15 42 18.2 
 07 37 05.73 +16 54 15.3 
 06 12 22.11 +18 00 57.9 
 06 12 22.11 +18 00 57.9 
 19 52 21.76 +18 40 18.7 
 06 24 38.36 +19 42 15.8 
 06 25 01.20 +19 50 56.0 
 06 23 28.54 +20 23 31.7 
 06 09 39.57 +20 29 15.5 
 05 53 58.21 +20 52 34.7 
 05 35 40.53 +21 24 11.7 
 06 08 32.10 +21 36 39.3 
 06 18 31.77 +22 40 45.1 
 06 22 58.24 +22 51 46.2 
 19 43 10.93 +23 17 45.6 
 19 43 10.93 +23 17 45.6 
 06 19 41.65 +23 17 20.2 
 19 41 52.72 +24 20 51.2 
 19 47 02.74 +24 50 55.5 
 19 45 40.64 +25 07 36.0 
 19 45 42.11 +25 21 16.4 
 19 49 14.40 +26 47 39.0 
 19 46 38.82 +28 14 38.0 
 05 45 20.89 +29 09 28.1 
 19 50 45.02 +29 23 48.9 
 06 03 50.10 +30 10 10.0 
 06 03 50.10 +30 10 10.0 
 05 39 24.80 +30 53 26.8 
 19 46 15.90 +32 06 58.2 
 06 05 52.46 +48 14 57.4 
 05 22 40.10 +33 19 09.4 
 05 22 46.53 +33 25 10.2 
 21 07 55.42 +33 23 49.2 
 05 22 29.30 +33 30 50.5 
 20 04 27.22 +33 42 18.4 
 05 16 18.15 +34 18 44.3 
 05 28 07.15 +34 25 26.9 
 05 28 39.40 +34 40 08.7 
 05 27 36.15 +34 45 19.0 
 20 17 54.19 +34 49 02.1 
 20 13 18.86 +35 01 30.5 
 19 58 21.68 +35 12 05.8 
 05 29 42.65 +35 22 30.1 
 19 59 49.10 +35 18 33.5 
 20 05 39.80 +35 36 28.0 
 20 02 21.71 +35 40 29.8 
 20 09 28.61 +35 44 01.3 
 20 05 57.32 +35 47 18.1 
 20 07 23.69 +35 43 05.9 
 03 58 57.90 +35 47 27.7 
 05 40 59.30 +35 50 46.0 
 05 39 45.50 +35 53 57.0 
 20 03 29.40 +36 01 30.5 
 05 42 31.16 +36 12 00.5 
 20 07 12.77 +36 21 33.4 
 20 18 47.22 +36 20 26.1 
 20 06 57.61 +36 23 47.7 
 05 33 41.15 +36 27 35.0 
 20 21 06.39 +36 48 30.7 
 20 17 29.70 +37 18 31.1 
 20 14 30.43 +37 21 13.8 
 20 14 54.99 +37 22 42.0 
 05 20 43.08 +37 26 19.2 
 20 36 18.21 +37 25 02.8 
 20 25 40.61 +37 22 27.1 
 20 25 06.95 +37 27 56.4 
 20 20 08.94 +37 49 51.4 
 20 18 51.71 +38 16 46.5 
 20 24 01.30 +38 30 49.6 
 20 20 21.39 +38 41 59.7 
 20 22 20.96 +38 43 29.5 
 20 20 21.39 +38 41 59.7 
 20 18 29.69 +38 52 39.8 
 05 20 00.60 +38 54 42.0 
 20 23 26.31 +38 56 21.0 
 20 23 35.46 +38 52 56.6 
 22 39 15.68 +39 03 01.0 
 20 19 31.33 +39 03 26.2 
 20 23 59.18 +39 06 15.3 
 20 19 08.50 +39 16 24.3 
 20 20 44.98 +39 21 56.6 
 20 24 11.73 +39 40 41.6 
 20 24 11.73 +39 40 41.6 
 20 24 21.48 +39 46 03.9 
 05 32 13.85 +40 03 57.9 
 20 23 22.84 +40 09 22.5 
 20 12 33.12 +40 16 05.4 
 20 25 22.12 +40 13 01.1 
 20 31 37.50 +41 13 21.1 
 05 26 55.22 +40 32 53.1 
 20 27 43.62 +40 35 43.5 
 05 26 55.22 +40 32 53.1 
 20 18 06.99 +40 43 55.5 
 20 23 10.80 +40 52 30.0 
 20 28 32.03 +40 49 02.9 
 20 16 59.89 +40 50 37.4 
 20 23 10.80 +40 52 30.0 
 20 34 08.52 +41 36 59.4 
 20 31 37.50 +41 13 21.1 
 20 33 08.80 +41 13 22.0 
 20 32 22.42 +41 18 19.0 
 20 33 10.74 +41 15 08.2 
 20 33 15.08 +41 18 50.5 
 20 33 14.80 +41 18 44.0 
 20 33 16.45 +41 19 02.0 
 20 33 18.11 +41 18 31.1 
 20 33 14.11 +41 20 21.9 
 20 10 58.28 +41 21 09.9 
 20 32 45.40 +41 25 37.0 
 20 32 45.44 +41 25 37.5 
 20 31 10.60 +41 31 54.0 
 20 32 13.82 +41 27 12.0 
 02 22 54.29 +41 28 47.7 
 20 33 46.00 +41 33 00.0 
 20 17 07.54 +41 57 26.5 
 20 01 00.00 +42 00 30.8 
 20 11 01.71 +42 07 36.4 
 20 42 06.86 +43 11 03.7 
 20 08 07.11 +42 36 22.0 
 21 18 27.19 +43 56 45.4 
 20 30 34.97 +44 18 54.9 
 21 12 28.39 +44 31 54.1 
 20 56 34.78 +44 55 29.0 
 20 09 50.58 +45 24 10.5 
 20 33 50.35 +45 39 41.2 
 20 45 35.28 +46 21 02.1 
 19 51 59.07 +47 01 38.4 
 04 58 45.10 +47 59 54.0 
 21 40 23.09 +50 31 40.4 
 04 03 20.79 +51 18 53.3 
 00 17 43.06 +51 25 59.1 
 02 27 59.81 +52 32 57.6 
 03 55 38.42 +52 38 28.8 
 21 57 37.79 +52 49 14.1 
 23 11 06.95 +53 03 29.6 
 01 46 08.59 +53 36 27.9 
 22 18 45.87 +54 16 19.6 
 22 07 56.24 +54 31 06.4 
 22 23 28.72 +55 15 06.5 
 02 32 56.38 +55 19 39.1 
 02 02 30.13 +55 37 26.4 
 22 23 17.42 +55 38 02.3 
 22 23 43.29 +55 42 00.9 
 02 15 45.93 +55 59 46.7 
 02 11 29.70 +56 09 31.7 
 22 55 08.40 +56 22 59.0 
 04 03 15.65 +56 32 24.8 
 03 15 10.93 +59 54 42.8 
 00 52 49.21 +56 37 39.5 
 00 52 49.21 +56 37 39.5 
 02 44 12.72 +56 39 27.2 
 02 42 52.03 +56 54 16.5 
 02 21 52.41 +56 54 18.0 
 23 01 35.21 +56 59 36.6 
 21 38 26.28 +56 58 25.5 
 02 51 47.80 +57 02 54.5 
 03 59 28.89 +57 07 04.9 
 23 02 12.35 +57 11 37.9 
 03 59 18.29 +57 14 13.7 
 03 59 07.49 +57 14 11.7 
 02 54 50.79 +57 26 35.8 
 21 38 57.62 +57 29 20.5 
 22 49 20.66 +57 45 31.5 
 02 09 02.48 +57 55 55.9 
 02 12 19.17 +57 56 27.1 
 22 02 04.57 +58 00 01.3 
 22 46 54.11 +58 05 03.5 
 23 05 12.93 +58 14 29.3 
 22 34 45.98 +58 18 04.7 
 02 36 18.21 +62 56 53.3 
 01 52 13.71 +58 26 06.3 
 22 22 02.58 +58 43 09.3 
 02 53 28.47 +60 27 35.0 
 22 59 13.60 +58 44 44.0 
 02 09 30.07 +58 47 01.6 
 21 28 57.76 +58 44 23.2 
 02 26 46.99 +58 52 33.1 
 02 49 57.89 +59 42 00.5 
 22 11 30.58 +59 24 52.2 
 03 14 05.34 +59 33 48.5 
 02 22 10.70 +59 32 58.9 
 21 47 39.79 +59 42 01.3 
 23 13 58.47 +59 49 12.6 
 02 12 29.97 +59 54 04.1 
 23 58 50.91 +60 15 51.0 
 02 51 14.46 +60 23 09.8 
 02 51 07.97 +60 25 03.9 
 02 57 04.13 +61 24 57.7 
 02 53 28.47 +60 27 35.0 
 01 58 38.01 +60 30 53.8 
 02 59 23.17 +60 33 59.5 
 01 09 12.34 +60 37 40.9 
 23 32 56.81 +60 39 43.7 
 02 54 10.67 +60 39 03.5 
 02 23 11.53 +60 49 50.1 
 00 39 49.74 +60 57 31.2 
 00 03 57.50 +61 06 13.1 
 23 20 44.52 +61 11 40.6 
 01 32 32.72 +61 07 45.8 
 02 40 44.94 +61 16 56.1 
 02 32 11.50 +61 21 45.0 
 02 34 00.00 +61 24 00.0 
 02 34 02.53 +61 23 10.8 
 02 32 49.42 +61 22 42.1 
 02 32 36.27 +61 28 25.6 
 02 32 42.54 +61 27 21.6 
 02 33 20.59 +61 31 18.2 
 23 13 34.44 +61 30 14.7 
 21 39 01.04 +61 33 22.1 
 02 32 10.86 +61 33 07.9 
 02 32 16.75 +61 33 15.0 
 02 31 57.09 +61 36 43.9 
 00 21 53.89 +61 45 02.6 
 23 16 54.00 +61 54 00.0 
 02 03 37.12 +62 03 56.7 
 23 52 19.54 +62 07 06.6 
 23 22 50.73 +62 08 03.8 
 02 26 34.41 +62 00 42.4 
 00 04 03.79 +62 13 19.0 
 22 55 42.46 +62 18 22.8 
 22 05 08.79 +62 16 47.3 
 22 52 30.56 +62 26 26.0 
 23 53 43.84 +62 25 24.7 
 00 25 56.76 +62 32 59.5 
 21 44 53.28 +62 27 38.0 
 00 31 19.20 +62 25 39.4 
 22 56 47.19 +62 43 37.6 
 03 00 29.71 +62 43 19.0 
 00 48 12.40 +62 59 24.0 
 01 26 08.01 +63 02 02.9 
 01 28 03.15 +63 16 57.2 
 23 48 04.47 +63 23 50.9 
 22 25 33.58 +63 25 02.7 
 00 26 30.40 +63 26 32.2 
 00 06 03.39 +63 40 46.8 
 00 59 47.59 +63 36 28.2 
 22 26 52.37 +63 43 04.9 
 00 13 35.01 +64 09 53.6 
 01 40 52.76 +64 10 23.1 
 00 01 50.51 +64 37 28.9 
 00 27 16.80 +64 42 22.0 
 04 54 03.01 +66 20 33.6 
 22 32 25.08 +67 09 02.5 
 00 02 10.29 +67 24 32.2 
 00 01 46.86 +67 30 25.1 
 23 57 32.60 +67 33 15.3 
 00 04 48.95 +68 11 19.3 
